195
6070 19
28214 27336 42821 58015 68512 32494 88715 94225 84262 66253 61639 2446 96793 38831 4557 33580 63603 87106 32850 
8522 16
77427 87599 83545 38803 19716 48633 93729 42883 69732 28243 17286 94556 6607 47135 18228 47679 
6061 15
95000 21807 97024 44267 4768 58716 69265 28740 30424 41029 33906 55827 61450 86672 17518 
9672 17
46800 69644 87738 5019 80641 6293 55559 79786 32781 38348 46450 5502 59591 92968 82998 24630 35534 
6550 19
49892 97138 33058 16395 65313 80912 12759 94970 63103 7958 11530 57527 31067 97857 10051 93066 35700 85050 57286 
9673 12
55347 95850 24398 16777 73814 66150 54781 68269 71259 76288 71432 22868 
8516 20
97292 7934 12477 47954 69865 91035 98294 71570 37749 52966 39338 46251 52095 40117 8108 44249 75237 78660 74223 98274 
6036 18
75497 4093 60622 86576 36350 25661 89870 61690 98960 57493 31133 81036 14052 85556 30298 86290 78394 21341 
3373 12
35026 4938 70455 99067 49047 64599 48552 88368 49285 51672 30322 22176 
6378 12
49726 36286 77298 42644 63749 85709 2759 25257 73365 11653 97554 50575 
5298 10
80114 28556 81110 45992 66413 27618 84553 86133 32351 98850 
881 15
10084 54207 65048 30238 25109 1724 33815 26332 41770 19708 49584 67196 83609 66933 61540 
1753 11
79683 4775 60599 74521 27735 21367 82553 56437 95794 47970 84134 
882 20
91719 49219 7252 32319 14408 35777 58176 35212 6998 72049 57741 32637 38146 99805 61793 41514 55617 88806 21088 50148 
4423 17
17208 61698 21513 45071 9004 64310 90382 61949 36927 70278 33521 83897 8917 76098 87054 8372 91270 
8850 12
674 71439 96954 48254 18341 56809 67153 73665 67166 70485 38735 65593 
4417 12
39717 56527 90707 90109 68974 36349 16094 96820 22318 43678 69328 49349 
4422 12
80013 78865 46269 9105 59604 69503 64528 1675 33544 57138 82302 82849 
860 20
75781 15935 57249 17683 38013 92083 73643 61696 77123 55020 3974 27169 69766 69340 35691 27588 38587 92223 27050 87905 
1638 10
89528 68545 5091 97787 5087 10482 71993 52448 3724 84949 
1716 10
86604 32760 39092 34480 47678 44812 79815 33483 1503 45326 
8536 12
29653 37942 72420 48124 96280 24795 76757 46383 59880 22722 47251 69885 
645 13
3243 98599 6448 19778 34872 29121 35601 26267 41048 55001 18510 47155 84181 
643 18
55374 23442 84711 71602 99460 73064 28243 1126 4375 8537 87427 39678 80377 16021 36961 62582 65144 81916 
661 20
44823 87312 77606 55860 25973 32402 83190 15297 46618 9112 5110 48941 86001 49350 15973 41272 66405 31489 50977 26557 
6047 15
18078 49916 49266 13471 469 1221 34991 91465 76807 29224 40579 42806 68781 63128 83795 
850 15
96192 46428 52844 82656 6212 38094 40513 66780 65378 20230 60545 22255 96689 3319 30099 
8526 17
5989 13207 42349 52252 99080 70411 77630 60542 33959 26173 28026 81727 87590 40103 86396 35807 77392 
5424 14
81383 94041 43517 58046 18223 49064 86577 86821 23161 73218 29789 64329 42200 19173 
5274 17
28558 28857 15031 76736 45856 69970 1844 94789 80832 25443 91841 66830 53273 84419 86581 13901 93684 
9684 10
37876 73409 42277 37209 83783 11427 29880 6718 44035 60421 
4699 16
82533 30350 48379 35151 1986 58558 5803 881 57696 41313 97490 35276 13215 56365 97807 58891 
8541 17
63470 60093 9285 41043 1932 43061 54335 18987 33816 21558 4631 66411 87399 65785 27423 29227 38685 
6374 14
18203 46438 74859 73713 90465 29970 39290 82233 3336 96364 1683 1633 61458 19661 
4692 10
63598 55004 94976 99451 73086 82065 23617 94045 98615 95390 
1717 15
70544 42087 30082 18282 63071 64919 27712 31460 51369 69813 50955 21343 39173 4069 87759 
5273 20
35211 70575 41585 7902 53993 71232 17836 36723 28435 39158 57504 45572 75162 7012 79617 87102 4893 34080 29422 26494 
5550 20
45040 48580 50544 80049 41301 26075 82752 9351 22466 95358 62560 43236 5669 11741 42494 2023 58514 44942 1654 14204 
9727 17
81701 29176 77325 63900 94368 92862 96640 60306 72509 20541 11168 45536 93758 67485 89789 17277 21659 
4452 10
33435 4171 482 77409 46892 66089 89431 20517 59825 23551 
1648 14
51245 74578 98662 2815 89332 89792 87324 63041 26815 70080 53710 34363 35960 939 
8885 14
84440 65011 12245 65724 63421 60407 56256 49990 62446 23492 18631 10013 96148 79001 
6032 12
27349 57968 53645 26720 11034 71376 47459 96044 64492 8028 71336 92938 
4494 18
82348 85176 12202 77769 97246 70593 13752 25941 21726 25007 3928 67064 23487 45481 7323 53009 50496 8230 
1654 10
75014 8543 86486 12061 99131 20083 778 6746 52611 95041 
836 19
33446 43994 79309 26497 32937 23010 21077 33905 88896 65888 11472 56437 66978 42037 58737 95451 65475 46794 48816 
6346 11
80243 53784 67514 30385 10844 84554 33365 39747 86061 86457 31839 
5240 12
76213 21097 35974 8273 1378 47903 20532 17050 63200 67134 81745 98779 
5256 16
52837 74596 64108 51452 65280 38327 18293 67497 13971 53007 1216 59047 34258 83844 52933 4263 
9719 20
5882 74404 18188 58109 25049 71837 76970 54031 68349 30907 93677 57958 30244 73150 24754 46940 43859 55435 26098 96587 
1284 17
47498 57915 47274 86714 10114 25926 24449 76152 23372 91858 40470 57491 9653 4411 73962 41598 7946 
1711 10
67380 15318 45685 27128 86544 87749 22263 77518 15797 81455 
1903 12
18107 97560 672 5242 12984 83885 14954 34099 72687 43250 34289 10986 
4492 15
23038 64588 11031 68119 21121 38407 520 32611 90063 85786 31975 47860 67381 97812 91572 
833 18
61334 51085 51090 59692 78240 5310 29534 75751 14187 11423 36639 89085 95562 45872 81677 67330 45371 333 
8904 10
57260 38301 32230 28337 55378 93961 85253 97374 36969 13733 
4769 12
93201 38212 92807 12958 90299 40407 5819 49566 5883 26536 29673 27777 
5241 19
71486 86577 93495 62257 5939 66732 10819 61247 57799 74618 1706 9323 7353 4281 11529 63592 63599 42683 97363 
1722 19
89950 47893 64746 51302 3542 99349 1786 4251 8628 62389 14469 49815 89130 45872 48824 84111 87275 31140 3863 
1653 18
32573 96842 29400 38343 28621 13447 37098 98634 94606 28095 94978 23427 28629 85842 53375 91818 93600 57035 
820 19
82097 88971 44633 9376 66360 52153 26664 97361 30251 27479 81969 20672 54419 60338 17999 44370 8452 86250 83119 
1706 13
32804 79225 23791 53099 50281 51062 84992 75391 47045 4291 86794 23178 94688 
940 18
12464 25850 72872 73224 68463 66640 58470 8358 17014 43922 203 73878 55980 68470 24447 55490 34688 79126 
931 13
27570 93407 26900 49522 81469 16413 48643 45311 22880 41970 18125 21223 43434 
8903 20
15826 72762 32021 78859 23782 2106 97455 41038 85260 25647 34201 18017 57343 27919 36675 89694 68033 97548 57029 99759 
4465 20
90229 67014 11015 99140 22527 24541 5224 53987 53979 99386 60518 14951 12492 5743 6987 17666 9695 78002 74869 67206 
812 18
86196 54392 40409 84021 24771 17706 12988 78569 94857 44039 6360 86735 88491 5004 60317 15685 26163 32447 
5264 12
82471 34673 66996 3571 18513 45577 96908 73364 950 2292 61962 71153 
5504 14
63249 37807 88922 26971 5663 61239 50743 34855 80257 49241 45633 62076 34599 92617 
8569 13
86805 22059 92334 71048 61663 20946 50467 27666 85709 52315 2644 79948 38083 
1693 11
72509 26151 16215 87726 70070 55806 87171 27902 36505 70386 50156 
5236 13
8975 35627 95419 45153 34141 2666 72222 21665 90988 96971 69087 85491 85250 
6355 16
84084 44783 10185 70258 65387 56480 97645 50907 41965 20133 94618 17030 31177 33872 62766 91485 
6020 19
37584 20367 16329 67998 55774 38092 6235 35028 65581 141 95373 25232 46814 95225 38747 5209 77779 38495 7074 
6357 17
22144 79763 70039 76973 32768 65328 6833 38821 94390 17645 10379 8739 40896 46143 8226 27365 590 
785 10
34787 52066 73925 83141 13049 27149 14059 51310 56219 34109 
6009 12
68087 7120 17852 51998 68121 24714 18730 70204 2382 55820 63779 67312 
4668 10
10329 36152 95511 7474 49225 42358 49842 94177 61570 97836 
1453 20
15385 1339 17714 49749 22832 28208 24651 54983 70749 12015 39332 51412 56190 25123 61255 74243 59341 68226 66733 38811 
8583 14
83367 21766 30257 49025 54188 32317 94958 97288 38871 86018 28357 22901 7195 37866 
6358 15
31301 8841 31332 24699 25838 57792 28890 24049 76175 61447 34072 59815 72205 95859 80031 
8888 11
26154 32690 37491 71670 20923 381 76431 77860 29088 56209 11897 
8548 14
65776 5791 75463 71746 67523 5167 84036 28709 85617 96346 21725 62799 93396 57586 
5234 14
6969 68174 14468 62581 5436 55379 83298 22560 31656 24869 96560 27545 30587 96023 
4569 18
86804 63879 9849 74340 87551 41896 8057 12922 43884 57623 5764 63267 89478 38618 79233 14544 26844 3241 
704 17
32616 81961 63909 89552 41590 28811 76000 17816 47544 88835 5252 67608 28059 4039 62247 93953 70858 
702 19
71931 9467 48944 41921 24519 6752 96676 71536 36016 53665 37819 3032 4699 48953 17159 54266 99195 65673 87431 
8939 18
64537 66328 7130 44654 76353 26599 2056 26683 55908 41333 57370 25643 80457 30787 13825 49303 6110 48457 
5221 15
66519 52464 658 4205 2487 80581 62530 97803 33911 27007 32019 27317 99619 79357 53720 
6464 18
73743 58880 37271 70117 7568 73781 7421 84763 19163 42483 71231 42093 8972 88610 66338 51166 78557 49221 
2037 12
70589 50694 17353 11349 35709 84588 59677 35150 73499 56896 41347 87759 
9746 10
24520 39742 11494 89158 68439 28693 24710 73589 13654 19290 
9747 17
63437 44566 961 85530 9455 19882 10531 13836 7418 91822 37608 74992 6825 61586 40105 5984 96639 
9745 11
77774 8361 58652 41077 12697 32762 42735 1077 92768 68958 97956 
6442 17
27191 81761 6299 83160 71284 82710 69280 36383 52025 20785 38770 11172 36183 11660 71791 73213 25017 
9735 17
46397 68851 5196 47153 24640 3906 47529 60694 18977 35289 43394 65065 85191 50587 5042 38236 98985 
9734 16
85869 95512 26168 95681 58691 46006 862 18882 79850 90238 21679 3293 12965 48283 79416 62606 
2036 20
34011 94494 51581 16038 40670 63312 21988 4076 92696 83062 84093 81429 93088 98617 81755 83164 13604 27844 24556 45700 
674 11
38433 50241 98968 49168 53847 65581 21495 53917 11398 63881 37711 
1855 18
9069 96407 95525 60793 59700 97531 41712 34946 98138 73047 29595 68164 62318 42300 58574 99613 15651 73051 
4567 14
35623 36279 51780 95913 36636 74227 25852 88771 70654 3540 49914 61237 85179 40839 
5973 15
46213 10835 3364 52370 81988 41758 86293 43325 48776 62207 10495 96424 84304 64658 28654 
1815 20
53452 66241 52911 32932 93261 77584 62223 72742 7803 11472 19271 73409 39778 46231 96408 11558 36287 72567 21898 20432 
1629 19
86931 87209 90454 52389 57310 21337 17964 5238 10507 14848 2401 20469 72780 29793 83017 79503 5176 63281 25124 
1628 14
42398 93789 42777 85298 11865 52569 56640 13112 19175 35945 37666 25392 2257 60240 
8470 15
52520 36081 45443 27881 66070 54087 60044 95467 31191 18946 87214 18874 23644 30285 52814 
8511 15
8605 25745 39101 30634 61235 13005 68267 71326 82762 76425 86800 77325 42817 84476 57032 
1838 10
57401 46167 88825 40384 61404 53028 35409 16690 75180 56081 
8944 13
35574 81750 26561 257 54016 95547 59537 82373 65478 51992 20741 19502 7963 
4623 11
64420 30747 19156 82094 88152 63374 47162 89832 47027 96892 32614 
6767 16
38202 44190 26393 96093 48198 60472 82419 8860 42432 40514 46386 52410 85726 1299 27318 6143 
8936 11
41698 84606 95187 28832 96158 43570 40024 49380 83286 802 30265 
1777 13
89216 13881 12658 93435 12267 77184 90073 65113 43822 96529 18594 45429 45486 
496 18
57285 73599 96814 87481 49799 97146 8146 14609 79463 32069 31516 94645 46241 49433 89358 86665 66271 14466 
1853 14
69136 24699 71571 33429 37301 44607 59968 48812 78069 40235 34280 63061 16392 21313 
705 12
78138 29446 99385 24631 87151 78015 40801 9924 54852 60633 27148 12410 
4576 13
28731 6078 52599 31866 84524 81434 72304 40686 69342 20402 79424 70001 91667 
1520 11
34953 63132 34585 15181 42209 70041 32689 59509 24175 333 25451 
8487 18
81240 24319 61381 88513 43225 24694 32857 11023 31303 6612 14918 51071 69710 54545 44472 39135 41296 46371 
5201 14
71369 9430 69149 77679 97523 35544 55916 71921 51257 36529 35868 41695 1567 91763 
5203 16
58687 66943 27794 33797 73857 4801 89721 83894 39852 44163 50660 84883 96818 8576 686 84465 
8922 20
20304 84996 54162 77920 67842 39595 3565 42017 65981 18982 96594 41981 21587 85397 65273 50624 66324 44118 89647 81571 
8930 15
12747 5886 1786 81229 25298 54971 50522 87539 33269 9389 62775 98625 38455 62593 66939 
6493 10
80393 24233 92547 75107 95151 82563 88148 17080 18975 56683 
4918 12
8663 35309 2929 59583 12180 4423 481 41714 6969 73464 74519 3139 
9750 11
36219 90874 34273 51877 27809 39815 86260 47073 21662 29588 22723 
4610 17
5151 35283 18519 46557 65570 45099 36786 85720 79860 71911 56538 30215 40917 4619 72316 8663 49023 
9777 15
12910 63436 96601 94119 47767 9919 28753 22915 12467 23761 35797 87195 20850 90049 63455 
5211 10
20445 79160 49657 37813 72367 6047 30544 64568 21598 92849 
9812 11
39736 54169 5238 17716 37685 52734 81101 63202 82379 3888 41284 
987 10
19790 24118 43675 27073 17629 49405 55544 42556 18167 77818 
5919 17
58497 39616 20936 59409 46803 81372 4192 16351 72363 39248 84654 24946 18644 56828 95549 816 65949 
5949 16
37367 54325 57535 38597 90658 3050 53040 44274 12795 86967 45952 29210 92204 65226 70197 7944 
6423 19
29438 92164 64766 51462 23991 28524 83681 16915 40246 18339 7116 95350 77451 60935 6832 59936 9657 95909 10228 
1778 14
71627 51003 57572 97633 14180 37771 18685 44766 18335 98875 51298 68698 8363 7926 
728 11
71631 57477 99924 70282 71880 5031 17456 5940 44705 13816 20376 
759 18
67090 33856 67480 23705 92948 5500 66692 18508 84147 93831 2518 8874 76968 40705 38584 66541 30074 48417 
754 17
6225 12163 87584 74493 8288 96284 90430 71480 90544 74874 55308 48297 24177 6414 85876 36239 91251 
8425 14
20376 41110 57872 29713 27870 64533 87774 51261 10636 56705 93780 53213 77331 908 
8431 10
83161 18207 57117 17058 45982 92118 31179 76230 8772 84779 
4546 15
89673 74550 17293 10059 80640 93412 26321 37458 28285 11618 4757 40142 29594 67393 57549 
5158 18
74000 82100 38973 98567 34725 63524 61584 82205 65462 9799 39982 17846 26889 27837 24907 68755 62000 8648 
5165 14
26530 9599 65650 67901 21779 9818 33884 39680 64999 88388 84905 85118 33895 46027 
9814 17
85182 80386 59032 5046 36668 30769 98852 98078 36275 63969 45444 61093 51327 4881 51280 38473 32495 
9811 13
5000 2426 52275 88952 53909 77195 66162 72607 46074 98635 66540 46964 92579 
6386 10
9874 22813 49757 67054 11094 19711 2109 17594 71764 59511 
8447 11
48818 27837 72714 5819 30631 66747 42675 32208 61640 23489 69837 
4625 20
60406 48111 74454 3512 75621 45503 32231 64527 31209 19517 3244 19131 99017 83423 53076 55332 61470 14110 289 47909 
2007 19
8237 25632 81808 31316 35018 97125 41736 90276 12360 61414 9537 33004 86760 15539 68230 34283 65964 38015 71235 
6491 15
12191 15707 53293 70668 86064 53581 42330 76255 28843 98042 683 52722 16541 96622 56274 
1791 14
59022 34926 67833 68321 52678 14746 61782 15044 8675 56041 86130 50869 54067 10839 
1803 20
90642 39287 11354 99959 60834 66257 88812 65450 49557 20220 6187 99296 55820 4666 30171 29714 40407 4746 74092 15430 
1762 16
36263 4231 60651 96572 6130 19368 9533 74665 37863 9439 35379 2787 32857 55553 4964 63216 
4512 17
65288 46335 55020 89136 93535 30164 86230 85717 45697 91892 27143 83392 88817 27964 39418 97085 32697 
3059 19
31843 45703 60887 23830 14584 42925 18015 97224 19763 708 23398 82638 10153 69509 26781 34622 92445 541 10554 
948 12
77222 37000 55564 51079 96412 2262 11713 92423 96902 70829 91489 14499 
3298 13
79524 53145 44067 84479 27977 95305 84332 68128 66225 56286 84182 5825 61259 
9818 19
76995 91995 63453 84940 11019 22403 69700 45527 37040 53726 38040 76990 60314 40418 27204 93913 56045 47713 25891 
8967 12
55867 5548 93546 73093 67219 14848 24999 42625 48808 53033 89005 35219 
8490 14
1738 74268 5462 75442 50163 52199 6575 11887 72199 70466 12447 82276 48919 6067 
543 17
41736 4937 46859 12440 44293 58559 725 5696 31781 79899 37868 80110 38004 19853 27322 46146 64299 
5180 17
11596 97355 27485 23416 11516 7360 56889 69692 15199 20731 98772 95804 9503 24554 69385 66997 93473 
768 20
4122 70394 10346 97807 6789 21771 91528 69135 27276 75406 13062 26487 31893 76673 81610 38947 25265 85447 27173 56776 
8420 11
72041 19619 24685 59372 35923 10560 1594 54571 18774 48734 80426 
6470 17
1969 50052 20950 90831 52709 97803 22269 52430 28558 64147 95501 97384 81962 1076 18006 55265 35795 
5181 14
3935 64418 43982 14629 25739 73814 57726 33738 34693 46647 27406 16516 94050 46388 
9822 16
77581 99677 33601 78886 99995 17524 15665 64185 6489 73474 80800 23017 63649 46839 6557 49397 
1494 17
33941 56450 80514 78650 58926 82346 15489 24827 28139 60488 34821 6977 10085 19590 83382 50380 52538 
952 11
70419 23516 91142 25045 67352 85145 58174 50557 20823 12941 37883 
6418 19
7124 14997 22844 71901 99717 75744 36770 57577 81382 82879 55802 91998 96150 3708 55251 39035 4176 77682 79744 
8702 18
75407 94333 74763 79324 12424 66135 93375 3429 7627 75521 67586 27913 33858 43449 92498 49276 9701 76138 
1766 19
52409 53596 79777 6660 69757 75696 554 93776 72289 12421 74387 61094 81273 24458 75892 77826 50775 67168 13224 
1635 10
55690 19409 32138 14676 11030 53265 16775 54372 7549 27761 
1686 17
15568 43095 79064 27587 6033 98186 84104 51828 85775 8722 82258 29562 81903 71881 75853 44011 59290 
1758 13
50587 68532 84896 21867 59903 12772 30976 90146 33065 77826 97776 62486 58508 
1637 11
48483 58686 16939 88737 72206 28650 59802 61946 13540 96579 81321 
934 19
41264 99134 66501 19007 12027 30588 26019 32138 13233 65599 86128 85234 93796 68630 52653 55116 44376 18030 90076 
5166 14
15281 70019 84923 68061 25887 80185 75578 64596 79250 96624 71269 7824 52906 75745 
4624 18
41364 95302 49398 17321 7265 77121 63594 23236 88698 89048 73457 34530 59879 52611 516 28699 21930 47997 
950 19
30405 39224 89265 39989 63784 47995 20733 89239 79718 74950 18344 97532 16626 38691 78655 21323 88742 23026 26107 
8648 18
33752 85459 10856 70053 5663 61228 80463 15391 55376 92903 41666 25704 22446 40446 81295 82906 5890 31855 
1592 11
24850 32221 76209 75850 70452 58066 62834 72048 71327 82031 5685 
5119 14
76043 45288 70322 68601 31148 36602 33713 89051 66953 11514 13205 86784 71321 81806 
5130 10
93318 57033 23941 76183 67275 62704 12998 72818 39287 82635 
6210 17
79216 55693 35186 28035 92944 69731 69805 37481 13921 32978 75191 79339 17499 17369 12757 22453 80216 
9858 14
19044 63971 21636 60637 30225 56789 22104 60372 82582 18419 61711 51796 45325 1617 
9845 19
86225 75901 61588 13994 25038 59022 78681 13667 62036 17059 29405 43106 76611 39398 29601 17412 916 18881 26136 
6171 13
19162 8159 55923 65504 19572 28695 23552 12838 59282 81629 40348 32279 89951 
6167 15
85441 10443 90972 38930 15858 64281 27447 55356 12623 19401 80641 72401 91541 69524 22635 
711 19
59837 78062 2203 49402 81407 18528 74171 32652 98897 71328 17137 61796 58142 63830 31080 68240 96244 58184 58610 
6214 12
4982 75235 40579 12495 60838 82315 77143 18855 60330 88354 31498 73575 
9841 19
77965 30109 58415 43848 75796 87567 16110 96652 48675 97431 28001 19142 75549 16734 22309 96518 90202 75825 72656 
5141 18
53624 83738 64741 6348 15784 58644 44438 89102 60636 76657 99440 43679 44124 51451 22861 80733 42431 96904 
5145 10
41943 65461 95527 78372 57401 39978 16951 42786 40254 1828 
9857 14
6287 51981 24354 67060 47451 47428 45211 77441 99286 93616 58109 50140 66318 87403 

